0.714252
-0.699531
0.0223878
0.0867159
0.612221
0.639966
0.464358
-0.167366
-0.33916
-0.317962
0.885364
0.573924
0
0
0
1
0.714313
-0.699469
0.0223655
0.0866517
0.612187
0.640025
0.464322
-0.167359
-0.339093
-0.317979
0.885384
0.573935
0
0
0
1
0.718397
-0.695027
0.0290436
0.0879008
0.608892
0.648458
0.456894
-0.170186
-0.336388
-0.310547
0.889047
0.571407
0
0
0
1
0.726326
-0.685809
0.0460086
0.0913624
0.600683
0.665858
0.442507
-0.175294
-0.334111
-0.293768
0.895584
0.566155
0
0
0
1
0.736039
-0.673472
0.0684303
0.0960874
0.590167
0.68792
0.422456
-0.181976
-0.331587
-0.270559
0.903797
0.559328
0
0
0
1
0.747525
-0.657148
0.0967612
0.102379
0.576465
0.7142
0.396997
-0.18948
-0.329993
-0.240985
0.912705
0.550667
0
0
0
1
0.757992
-0.639935
0.126222
0.108961
0.561944
0.738936
0.371743
-0.196711
-0.331161
-0.210849
0.919715
0.541744
0
0
0
1
0.767935
-0.62
0.16086
0.11691
0.545329
0.764582
0.343555
-0.203916
-0.335995
-0.176106
0.925253
0.53186
0
0
0
1
0.777364
-0.597041
0.19811
0.125534
0.528137
0.790531
0.310053
-0.211499
-0.341726
-0.136394
0.929849
0.520761
0
0
0
1
0.783627
-0.575926
0.232892
0.134051
0.511181
0.810814
0.285087
-0.216007
-0.353021
-0.104352
0.929778
0.511503
0
0
0
1
0.788373
-0.553939
0.267618
0.14258
0.496206
0.829714
0.255645
-0.222578
-0.363658
-0.0687502
0.928992
0.501314
0
0
0
1
0.790613
-0.534035
0.299561
0.150741
0.482679
0.844579
0.231747
-0.227102
-0.376764
-0.0386299
0.925503
0.492486
0
0
0
1
0.791401
-0.51944
0.322282
0.156746
0.473259
0.854328
0.214825
-0.229625
-0.386923
-0.0174896
0.921946
0.486361
0
0
0
1
0.791867
-0.509414
0.336814
0.160681
0.467009
0.860513
0.203519
-0.231507
-0.393508
-0.00386449
0.919313
0.482212
0
0
0
1
0.791447
-0.505591
0.343496
0.16248
0.464948
0.86277
0.198624
-0.232453
-0.39678
0.00250732
0.91791
0.480406
0
0
0
1
0.791308
-0.505664
0.343709
0.16252
0.464978
0.862727
0.198742
-0.23244
-0.397023
0.00255118
0.917805
0.48044
0
0
0
1
0.790392
-0.512475
0.335632
0.160544
0.469225
0.858685
0.206127
-0.233687
-0.393837
-0.00543462
0.919164
0.483372
0
0
0
1
0.789559
-0.524505
0.318576
0.156309
0.47846
0.851221
0.215637
-0.236861
-0.384281
-0.0178325
0.923044
0.488535
0
0
0
1
0.787775
-0.540588
0.295255
0.151165
0.489628
0.840408
0.232333
-0.23923
-0.373731
-0.0384611
0.926739
0.496281
0
0
0
1
0.783452
-0.562526
0.264135
0.145175
0.504739
0.823936
0.25762
-0.242057
-0.362548
-0.0685134
0.929443
0.507086
0
0
0
1
0.777918
-0.583932
0.23209
0.139631
0.520984
0.805874
0.281325
-0.244978
-0.351311
-0.0979328
0.931123
0.51828
0
0
0
1
0.768099
-0.611402
0.190292
0.133404
0.542077
0.77905
0.315013
-0.247403
-0.340847
-0.138809
0.929815
0.533883
0
0
0
1
0.75913
-0.631418
0.158218
0.129601
0.558129
0.756457
0.340976
-0.247756
-0.334983
-0.170539
0.926662
0.546554
0
0
0
1
0.74873
-0.650389
0.12805
0.126697
0.573745
0.732599
0.366217
-0.248024
-0.331993
-0.20073
0.921677
0.559136
0
0
0
1
0.73719
-0.668597
0.0976183
0.124339
0.588826
0.706545
0.392527
-0.247354
-0.331414
-0.231887
0.914545
0.572177
0
0
0
1
0.725836
-0.684192
0.0710257
0.122931
0.602219
0.681959
0.415048
-0.24538
-0.332409
-0.258483
0.907023
0.584368
0
0
0
1
0.716723
-0.695453
0.0515197
0.122163
0.612093
0.66277
0.431369
-0.24444
-0.334142
-0.277637
0.900703
0.593373
0
0
0
1
0.71104
-0.702019
0.0398873
0.121848
0.617551
0.650599
0.441985
-0.24264
-0.336233
-0.289637
0.896135
0.599214
0
0
0
1
0.710118
-0.70307
0.0377498
0.121755
0.618451
0.648482
0.443835
-0.242238
-0.336527
-0.291829
0.895313
0.600111
0
0
0
1
0.710073
-0.703171
0.0367014
0.12141
0.618613
0.647885
0.44448
-0.242095
-0.336324
-0.29291
0.895036
0.600056
0
0
0
1
0.710218
-0.703232
0.0324624
0.119827
0.619866
0.646551
0.444676
-0.242929
-0.3337
-0.295695
0.895103
0.598089
0
0
0
1
0.710672
-0.703052
0.0257489
0.117398
0.621669
0.644699
0.444849
-0.244408
-0.329352
-0.300135
0.895235
0.595283
0
0
0
1
0.71088
-0.703105
0.0171304
0.114475
0.623895
0.641663
0.446121
-0.245626
-0.324662
-0.306451
0.894809
0.592022
0
0
0
1
0.711255
-0.702916
0.00504816
0.110301
0.6272
0.637851
0.446952
-0.247739
-0.31739
-0.314731
0.894544
0.587002
0
0
0
1
0.711673
-0.702481
-0.00646715
0.106435
0.63028
0.634407
0.447522
-0.249918
-0.310273
-0.322565
0.894249
0.582312
0
0
0
1
0.711903
-0.702029
-0.0186961
0.102411
0.633495
0.630459
0.44856
-0.251903
-0.303115
-0.331175
0.893557
0.577286
0
0
0
1
0.712005
-0.701496
-0.0308592
0.0984143
0.636901
0.62669
0.449018
-0.254359
-0.295645
-0.339357
0.89299
0.572167
0
0
0
1
0.711891
-0.701071
-0.0413547
0.0950028
0.6397
0.62302
0.450145
-0.25598
-0.289819
-0.346909
0.891997
0.567736
0
0
0
1
0.711938
-0.700327
-0.051834
0.0917401
0.642578
0.6199
0.450353
-0.258053
-0.283262
-0.353931
0.891345
0.563339
0
0
0
1
0.711959
-0.699666
-0.0598473
0.089232
0.64473
0.61752
0.450546
-0.259639
-0.278275
-0.359356
0.890745
0.55986
0
0
0
1
0.711824
-0.699267
-0.0658193
0.0874446
0.646375
0.615542
0.450896
-0.260553
-0.274782
-0.363503
0.890146
0.557344
0
0
0
1
0.711731
-0.699039
-0.0691607
0.0864045
0.647361
0.614505
0.450897
-0.261212
-0.272695
-0.365689
0.889893
0.555819
0
0
0
1
0.714252
-0.699531
0.0223878
0.0867159
0.612221
0.639966
0.464358
-0.167366
-0.33916
-0.317962
0.885364
0.573924
0
0
0
1
0.714313
-0.699469
0.0223655
0.0866517
0.612187
0.640025
0.464322
-0.167359
-0.339093
-0.317979
0.885384
0.573935
0
0
0
1
0.718397
-0.695027
0.0290436
0.0879008
0.608892
0.648458
0.456894
-0.170186
-0.336388
-0.310547
0.889047
0.571407
0
0
0
1
0.726326
-0.685809
0.0460086
0.0913624
0.600683
0.665858
0.442507
-0.175294
-0.334111
-0.293768
0.895584
0.566155
0
0
0
1
0.736039
-0.673472
0.0684303
0.0960874
0.590167
0.68792
0.422456
-0.181976
-0.331587
-0.270559
0.903797
0.559328
0
0
0
1
0.747525
-0.657148
0.0967612
0.102379
0.576465
0.7142
0.396997
-0.18948
-0.329993
-0.240985
0.912705
0.550667
0
0
0
1
0.757992
-0.639935
0.126222
0.108961
0.561944
0.738936
0.371743
-0.196711
-0.331161
-0.210849
0.919715
0.541744
0
0
0
1
0.767935
-0.62
0.16086
0.11691
0.545329
0.764582
0.343555
-0.203916
-0.335995
-0.176106
0.925253
0.53186
0
0
0
1
0.777364
-0.597041
0.19811
0.125534
0.528137
0.790531
0.310053
-0.211499
-0.341726
-0.136394
0.929849
0.520761
0
0
0
1
0.783627
-0.575926
0.232892
0.134051
0.511181
0.810814
0.285087
-0.216007
-0.353021
-0.104352
0.929778
0.511503
0
0
0
1
