0.0258772
0.891387
-0.452504
-0.0851555
-0.988555
-0.0444809
-0.144155
-0.0386238
-0.148626
0.451056
0.880034
0.329022
0
0
0
1
0.0272977
0.884125
-0.466452
-0.0852261
-0.990049
-0.0405297
-0.134761
-0.0383502
-0.13805
0.465489
0.874221
0.332018
0
0
0
1
0.0252674
0.876833
-0.48013
-0.0862409
-0.991224
-0.0403654
-0.125881
-0.0384786
-0.129757
0.479097
0.868118
0.334453
0
0
0
1
0.0249797
0.869755
-0.492851
-0.0877067
-0.991538
-0.0412684
-0.123083
-0.038641
-0.127392
0.491755
0.861364
0.336109
0
0
0
1
0.0235938
0.860825
-0.508353
-0.0884479
-0.992405
-0.0412393
-0.115893
-0.0387845
-0.120727
0.507227
0.853315
0.338584
0
0
0
1
0.0225543
0.85264
-0.522012
-0.0895869
-0.992984
-0.0415182
-0.110718
-0.0389243
-0.116075
0.520847
0.845721
0.340629
0
0
0
1
0.0226548
0.842903
-0.537588
-0.0909134
-0.993382
-0.0415827
-0.107062
-0.0390826
-0.112597
0.536456
0.836383
0.342601
0
0
0
1
0.0214377
0.833422
-0.552221
-0.0918828
-0.993938
-0.041807
-0.101682
-0.0393253
-0.10783
0.551053
0.827474
0.344739
0
0
0
1
0.0215147
0.822552
-0.568283
-0.0929402
-0.994239
-0.0420949
-0.0985706
-0.0394796
-0.105001
0.56713
0.816908
0.346582
0
0
0
1
0.0210625
0.811609
-0.583821
-0.0942601
-0.99467
-0.041945
-0.0941951
-0.0395743
-0.100938
0.582693
0.806399
0.348567
0
0
0
1
0.0217757
0.800978
-0.598297
-0.0955253
-0.994786
-0.0422776
-0.0928062
-0.0396524
-0.0996303
0.597199
0.795882
0.350246
0
0
0
1
0.0218647
0.789141
-0.613823
-0.0969068
-0.994964
-0.0428952
-0.0905878
-0.0397237
-0.0978165
0.612713
0.784229
0.351959
0
0
0
1
0.0214356
0.778381
-0.627426
-0.0986395
-0.995236
-0.0430853
-0.087453
-0.0397419
-0.0951046
0.626312
0.77375
0.353624
0
0
0
1
0.0225326
0.766806
-0.641483
-0.100328
-0.995277
-0.0434
-0.0868387
-0.039818
-0.0944289
0.64041
0.762207
0.355012
0
0
0
1
0.0225366
0.754754
-0.65562
-0.10175
-0.995487
-0.0435231
-0.0843234
-0.0399516
-0.0921781
0.654562
0.750368
0.356656
0
0
0
1
0.0224961
0.742703
-0.669243
-0.103147
-0.99564
-0.0439708
-0.0822651
-0.0400276
-0.0905257
0.668175
0.738476
0.358216
0
0
0
1
0.0229893
0.730021
-0.683037
-0.104723
-0.995798
-0.0438566
-0.0803895
-0.0400189
-0.0886418
0.682016
0.725946
0.359825
0
0
0
1
0.0236526
0.717396
-0.696264
-0.106497
-0.995859
-0.044243
-0.0794159
-0.0399632
-0.0877774
0.695259
0.713379
0.361205
0
0
0
1
0.0243995
0.704639
-0.709146
-0.108696
-0.995973
-0.0440796
-0.0780679
-0.0399449
-0.0862686
0.708195
0.700726
0.362414
0
0
0
1
0.0248725
0.692233
-0.721245
-0.110547
-0.996044
-0.0444068
-0.0769696
-0.0399506
-0.0853091
0.720307
0.68839
0.363744
0
0
0
1
0.0247435
0.678021
-0.734626
-0.111941
-0.996251
-0.044211
-0.0743599
-0.0399364
-0.0828961
0.733712
0.674385
0.365358
0
0
0
1
0.0252232
0.664378
-0.746971
-0.113708
-0.99633
-0.0444272
-0.0731584
-0.0399368
-0.0817907
0.746075
0.66082
0.366734
0
0
0
1
0.0258932
0.650011
-0.759484
-0.115412
-0.99641
-0.0444724
-0.0720329
-0.039983
-0.0805983
0.758623
0.646526
0.368088
0
0
0
1
0.026351
0.635796
-0.771407
-0.117034
-0.996445
-0.0450667
-0.0711824
-0.0400096
-0.0800223
0.77054
0.632348
0.369386
0
0
0
1
0.0265563
0.62009
-0.784081
-0.118458
-0.996553
-0.0452461
-0.0695353
-0.0400545
-0.0785947
0.783225
0.616751
0.370897
0
0
0
1
0.0277217
0.605433
-0.795414
-0.120311
-0.996547
-0.0455587
-0.0694089
-0.0401496
-0.0782604
0.794591
0.602079
0.372042
0
0
0
1
0.0277076
0.591471
-0.80585
-0.121887
-0.996641
-0.0458024
-0.0678852
-0.0401537
-0.0770619
0.805025
0.588215
0.373365
0
0
0
1
0.0279818
0.576591
-0.816553
-0.123316
-0.996753
-0.045609
-0.0663627
-0.0402665
-0.0755063
0.815759
0.573443
0.374964
0
0
0
1
0.0288029
0.561423
-0.827028
-0.124756
-0.996772
-0.0459023
-0.0658751
-0.040378
-0.0749463
0.826255
0.558288
0.376155
0
0
0
1
0.0282618
0.54539
-0.837706
-0.125964
-0.996925
-0.0458968
-0.0635146
-0.0405232
-0.0730883
0.836925
0.542416
0.377764
0
0
0
1
0.0291468
0.53024
-0.847346
-0.128177
-0.996922
-0.0463047
-0.0632677
-0.0404825
-0.0727832
0.846582
0.527258
0.378488
0
0
0
1
0.0296626
0.514113
-0.85721
-0.130149
-0.997032
-0.0457382
-0.0619325
-0.0403183
-0.0710475
0.856502
0.51123
0.379824
0
0
0
1
0.0301154
0.497944
-0.866686
-0.132463
-0.997055
-0.0462199
-0.0612005
-0.040221
-0.0705326
0.865976
0.495086
0.380586
0
0
0
1
0.0311882
0.481865
-0.87569
-0.134399
-0.997063
-0.0463117
-0.060995
-0.0400956
-0.0699461
0.875021
0.479006
0.381511
0
0
0
1
0.0320328
0.466189
-0.884105
-0.136778
-0.997085
-0.0463848
-0.0605849
-0.0399364
-0.0692531
0.883468
0.463344
0.382424
0
0
0
1
0.0323747
0.449217
-0.892836
-0.138827
-0.997148
-0.0464174
-0.0595113
-0.0397984
-0.0681766
0.892216
0.446433
0.38334
0
0
0
1
0.0327568
0.432371
-0.9011
-0.141071
-0.997213
-0.0463311
-0.0584815
-0.0397235
-0.0670347
0.900504
0.429649
0.384245
0
0
0
1
0.0329238
0.415851
-0.908836
-0.142787
-0.997277
-0.0463629
-0.0573417
-0.0396834
-0.0659819
0.90825
0.413193
0.385219
0
0
0
1
0.0338717
0.39863
-0.916486
-0.144942
-0.997275
-0.0466554
-0.0571505
-0.0396502
-0.065541
0.915924
0.395964
0.385834
0
0
0
1
0.0342227
0.381459
-0.923752
-0.146986
-0.997356
-0.0462561
-0.0560507
-0.0394608
-0.0641102
0.923228
0.378868
0.387037
0
0
0
1
0.0345348
0.363024
-0.931139
-0.149205
-0.997404
-0.046385
-0.0550767
-0.0393345
-0.0631851
0.930624
0.36048
0.387748
0
0
0
1
0.0350759
0.34623
-0.937494
-0.151288
-0.997415
-0.0467456
-0.0545816
-0.0392064
-0.0627215
0.936984
0.343696
0.388343
0
0
0
1
0.0351893
0.329206
-0.943602
-0.153435
-0.997469
-0.0468056
-0.0535277
-0.0390824
-0.0617876
0.943097
0.326725
0.389112
0
0
0
1
0.0359668
0.311285
-0.949636
-0.155835
-0.997526
-0.0462557
-0.0529429
-0.0388585
-0.0604064
0.94919
0.308851
0.389911
0
0
0
1
0.0361101
0.293799
-0.955185
-0.158344
-0.997563
-0.0465096
-0.0520178
-0.0385598
-0.059708
0.954735
0.291404
0.390254
0
0
0
1
0.0368549
0.275465
-0.960604
-0.160117
-0.997573
-0.0466899
-0.0516621
-0.0387079
-0.0590816
0.960177
0.273075
0.391211
0
0
0
1
0.0365986
0.258417
-0.96534
-0.162415
-0.997651
-0.0465257
-0.0502783
-0.0385491
-0.0579059
0.964912
0.256107
0.391721
0
0
0
1
0.0366789
0.24042
-0.969976
-0.164287
-0.997692
-0.0466899
-0.0492997
-0.0386513
-0.0571407
0.969545
0.238153
0.392356
0
0
0
1
0.0368954
0.222173
-0.974309
-0.166124
-0.997712
-0.0470739
-0.048516
-0.038808
-0.0566435
0.97387
0.219928
0.393104
0
0
0
1
0.0375803
0.203566
-0.97834
-0.168556
-0.997736
-0.0469998
-0.0481048
-0.0385717
-0.0557743
0.977932
0.201339
0.3935
0
0
0
1
0.0373559
0.185584
-0.981918
-0.170357
-0.997784
-0.047212
-0.0468826
-0.038822
-0.055059
0.981494
0.183409
0.394026
0
0
0
1
0.0376908
0.1671
-0.985219
-0.172374
-0.997824
-0.0470882
-0.0461595
-0.0388153
-0.0541055
0.984815
0.164962
0.394573
0
0
0
1
0.0380371
0.147976
-0.988259
-0.174091
-0.997831
-0.0475491
-0.0455252
-0.0391102
-0.0537274
0.987847
0.145846
0.395055
0
0
0
1
0.0389955
0.129592
-0.9908
-0.176314
-0.997829
-0.0476098
-0.0454993
-0.0389971
-0.0530681
0.990424
0.127454
0.395372
0
0
0
1
0.0385085
0.111078
-0.993065
-0.178546
-0.997884
-0.0478244
-0.0440446
-0.0390913
-0.0523851
0.99266
0.109001
0.395724
0
0
0
1
0.0386921
0.0920475
-0.995003
-0.181227
-0.997914
-0.0479453
-0.0432407
-0.0388009
-0.0516859
0.9946
0.0900004
0.395927
0
0
0
1
1
0
0
0
0
1
0
0
0
0
1
0
0
0
0
1
0.0387192
0.0540937
-0.997785
-0.185799
-0.998026
-0.0473091
-0.0412934
-0.0386718
-0.049438
0.997415
0.0521551
0.396469
0
0
0
1
1
0
0
0
0
1
0
0
0
0
1
0
0
0
0
1
1
0
0
0
0
1
0
0
0
0
1
0
0
0
0
1
0.0396173
-0.00334711
-0.999209
-0.192689
-0.99807
-0.0479809
-0.0394114
-0.0384873
-0.0478111
0.998843
-0.00524153
0.396472
0
0
0
1
1
0
0
0
0
1
0
0
0
0
1
0
0
0
0
1
1
0
0
0
0
1
0
0
0
0
1
0
0
0
0
1
1
0
0
0
0
1
0
0
0
0
1
0
0
0
0
1
1
0
0
0
0
1
0
0
0
0
1
0
0
0
0
1
1
0
0
0
0
1
0
0
0
0
1
0
0
0
0
1
1
0
0
0
0
1
0
0
0
0
1
0
0
0
0
1
1
0
0
0
0
1
0
0
0
0
1
0
0
0
0
1
1
0
0
0
0
1
0
0
0
0
1
0
0
0
0
1
1
0
0
0
0
1
0
0
0
0
1
0
0
0
0
1
