0.488463
0.630722
-0.602987
-0.0674896
-0.864659
0.442789
-0.23728
0.046555
0.117339
0.637281
0.761646
0.334592
0
0
0
1
0.488692
0.622684
-0.611102
-0.0683212
-0.863535
0.44513
-0.236995
0.0469675
0.124447
0.643525
0.755241
0.336401
0
0
0
1
0.48621
0.616385
-0.61941
-0.0693659
-0.864344
0.44346
-0.237178
0.046815
0.128491
0.650702
0.748383
0.338094
0
0
0
1
0.484046
0.609288
-0.628066
-0.0708345
-0.865064
0.441283
-0.238609
0.0465774
0.131773
0.658815
0.740674
0.339356
0
0
0
1
0.480957
0.603422
-0.636052
-0.071612
-0.866025
0.440071
-0.237358
0.0464686
0.136681
0.664996
0.734234
0.341419
0
0
0
1
0.478148
0.596746
-0.644413
-0.0727979
-0.866873
0.438523
-0.237126
0.0463274
0.141086
0.672006
0.726982
0.343161
0
0
0
1
0.475707
0.589252
-0.653058
-0.0741147
-0.867516
0.436963
-0.237654
0.0461267
0.145324
0.679592
0.719052
0.344737
0
0
0
1
0.472296
0.582759
-0.661308
-0.0751935
-0.868457
0.435953
-0.236068
0.0459261
0.150728
0.685811
0.712
0.346664
0
0
0
1
0.469113
0.575353
-0.670001
-0.0764076
-0.869244
0.434855
-0.235191
0.0458058
0.156036
0.692726
0.704119
0.348524
0
0
0
1
0.466198
0.567124
-0.678992
-0.0778632
-0.869906
0.433545
-0.235164
0.0457007
0.161006
0.700292
0.695463
0.350167
0
0
0
1
0.462746
0.559966
-0.687244
-0.0792696
-0.870829
0.432218
-0.234189
0.0456131
0.165902
0.706842
0.687642
0.351968
0
0
0
1
0.459104
0.551977
-0.696093
-0.0808495
-0.871713
0.43098
-0.23318
0.0455481
0.171292
0.713847
0.67903
0.353676
0
0
0
1
0.455586
0.543324
-0.705153
-0.0826546
-0.872513
0.429626
-0.232685
0.0454867
0.176529
0.721263
0.669789
0.355155
0
0
0
1
0.451652
0.534318
-0.714503
-0.0845755
-0.873278
0.428785
-0.231363
0.0454162
0.182747
0.728455
0.66027
0.35672
0
0
0
1
0.448367
0.526001
-0.722696
-0.0861339
-0.874011
0.427388
-0.231178
0.0452974
0.187272
0.735298
0.651357
0.358414
0
0
0
1
0.443922
0.516353
-0.732334
-0.0877883
-0.874839
0.426584
-0.229529
0.0452342
0.193884
0.742567
0.641096
0.36011
0
0
0
1
0.439686
0.50783
-0.7408
-0.089488
-0.87563
0.425922
-0.227735
0.045252
0.199872
0.748799
0.631943
0.361861
0
0
0
1
0.435796
0.498177
-0.749601
-0.0915916
-0.876291
0.424927
-0.227048
0.0453135
0.205416
0.755815
0.62173
0.363327
0
0
0
1
0.431177
0.487755
-0.759066
-0.0938458
-0.877022
0.424185
-0.22561
0.0452802
0.211942
0.762995
0.610671
0.364741
0
0
0
1
0.427115
0.477665
-0.767729
-0.095931
-0.877716
0.42301
-0.225116
0.0452679
0.217227
0.769999
0.599929
0.366076
0
0
0
1
0.422174
0.467954
-0.776394
-0.0976286
-0.878573
0.422219
-0.223252
0.0452991
0.223337
0.77637
0.589382
0.367933
0
0
0
1
0.417488
0.45762
-0.78504
-0.0995829
-0.879275
0.421454
-0.221927
0.0453179
0.2293
0.782918
0.578326
0.369406
0
0
0
1
0.412342
0.447122
-0.793761
-0.10157
-0.879935
0.421153
-0.219874
0.0453066
0.235984
0.789121
0.567097
0.371114
0
0
0
1
0.406993
0.437298
-0.801952
-0.103335
-0.880945
0.419976
-0.218072
0.0452533
0.241438
0.79523
0.556163
0.372693
0
0
0
1
0.402083
0.426337
-0.810288
-0.105132
-0.881478
0.419603
-0.216633
0.0452684
0.247641
0.801355
0.544522
0.374497
0
0
0
1
0.396265
0.415188
-0.818898
-0.107315
-0.882277
0.419027
-0.214484
0.0452053
0.254089
0.807487
0.532356
0.376035
0
0
0
1
0.390908
0.403795
-0.827128
-0.109054
-0.882948
0.41834
-0.213059
0.0451757
0.259988
0.813597
0.520063
0.377587
0
0
0
1
0.38472
0.393188
-0.835101
-0.11091
-0.883723
0.418123
-0.210255
0.0451433
0.266506
0.818887
0.508329
0.379485
0
0
0
1
0.378792
0.381573
-0.84316
-0.112585
-0.884408
0.417643
-0.208318
0.0450097
0.272651
0.824607
0.495666
0.381188
0
0
0
1
0.372383
0.370059
-0.851109
-0.11433
-0.885093
0.417472
-0.205737
0.0450078
0.27918
0.829924
0.482996
0.383031
0
0
0
1
0.367208
0.357259
-0.858792
-0.116853
-0.885601
0.41657
-0.205377
0.0450261
0.284374
0.835964
0.469357
0.384059
0
0
0
1
0.361173
0.345113
-0.866286
-0.119026
-0.886168
0.416214
-0.20365
0.0451789
0.290278
0.841227
0.456153
0.385476
0
0
0
1
0.354799
0.332122
-0.873964
-0.12172
-0.886759
0.415761
-0.201996
0.0452966
0.296272
0.846663
0.442024
0.386503
0
0
0
1
0.348624
0.319433
-0.881149
-0.124129
-0.887343
0.415212
-0.200552
0.0454668
0.301801
0.851799
0.428199
0.387797
0
0
0
1
0.341897
0.306255
-0.888434
-0.126752
-0.887822
0.415149
-0.198554
0.0456152
0.308024
0.856656
0.413838
0.388921
0
0
0
1
0.335351
0.29241
-0.895565
-0.129203
-0.88818
0.415099
-0.197052
0.0458124
0.314128
0.861504
0.398917
0.389912
0
0
0
1
0.329076
0.279486
-0.901996
-0.13178
-0.8886
0.414867
-0.195641
0.0459553
0.319529
0.865894
0.384875
0.391094
0
0
0
1
0.321814
0.266118
-0.908635
-0.133884
-0.889292
0.414334
-0.193615
0.0459917
0.324954
0.87035
0.369995
0.392584
0
0
0
1
0.314691
0.252675
-0.914945
-0.136384
-0.889796
0.414158
-0.191666
0.0460268
0.330502
0.87443
0.355161
0.39353
0
0
0
1
0.308107
0.238886
-0.920871
-0.138719
-0.890158
0.413943
-0.190448
0.0462394
0.335693
0.878399
0.340184
0.394885
0
0
0
1
0.300955
0.224374
-0.926867
-0.141606
-0.890423
0.414092
-0.188879
0.0465333
0.341429
0.882147
0.324411
0.395704
0
0
0
1
0.293128
0.210248
-0.932669
-0.144039
-0.89086
0.414175
-0.186622
0.0466531
0.347051
0.885582
0.308707
0.396608
0
0
0
1
0.285594
0.196614
-0.937965
-0.146298
-0.891424
0.413833
-0.184676
0.0466579
0.351851
0.888867
0.293454
0.397851
0
0
0
1
0.279169
0.181042
-0.943021
-0.149324
-0.891647
0.413386
-0.184599
0.0470527
0.356412
0.892376
0.27683
0.398564
0
0
0
1
0.27112
0.166894
-0.947967
-0.151855
-0.892015
0.413614
-0.182299
0.0472056
0.361668
0.895025
0.261011
0.399469
0
0
0
1
0.26307
0.152932
-0.952579
-0.15411
-0.892628
0.413223
-0.180172
0.0471349
0.366073
0.897696
0.245218
0.400608
0
0
0
1
0.255763
0.137136
-0.956963
-0.15698
-0.892736
0.413341
-0.179364
0.0474295
0.370955
0.90019
0.228144
0.401238
0
0
0
1
0.247174
0.12317
-0.961111
-0.159178
-0.893534
0.412675
-0.176909
0.0473272
0.374837
0.902512
0.212059
0.402246
0
0
0
1
0.239099
0.108145
-0.964954
-0.161338
-0.893863
0.412677
-0.175234
0.0471604
0.379264
0.904435
0.195337
0.403071
0
0
0
1
0.231426
0.0927976
-0.968417
-0.164206
-0.893949
0.412989
-0.174056
0.0474605
0.383793
0.905996
0.178533
0.403781
0
0
0
1
0.223025
0.0784629
-0.97165
-0.166522
-0.894477
0.412714
-0.171984
0.0472938
0.387519
0.907475
0.162229
0.40462
0
0
0
1
0.215003
0.0639284
-0.974519
-0.168834
-0.894736
0.412843
-0.170319
0.0472545
0.391435
0.908556
0.145962
0.405554
0
0
0
1
0.206739
0.0484365
-0.977196
-0.17127
-0.89517
0.412468
-0.16894
0.0471636
0.39488
0.909683
0.128632
0.406477
0
0
0
1
0.19801
0.0332092
-0.979637
-0.173802
-0.895464
0.412616
-0.167009
0.0472044
0.398668
0.9103
0.11144
0.406942
0
0
0
1
0.189625
0.0179539
-0.981692
-0.176463
-0.895888
0.412299
-0.16551
0.0471673
0.401779
0.910872
0.0942667
0.407509
0
0
0
1
0.180866
0.00194158
-0.983506
-0.179448
-0.895938
0.412815
-0.163947
0.0474764
0.405688
0.910813
0.0764036
0.407692
0
0
0
1
0.172073
-0.014513
-0.984977
-0.182392
-0.89602
0.413163
-0.16262
0.047743
0.409316
0.910541
0.0580904
0.408141
0
0
0
1
0.163322
-0.0298605
-0.986121
-0.184961
-0.896487
0.412792
-0.160976
0.0477105
0.41187
0.910336
0.0406484
0.408815
0
0
0
1
0.154661
-0.0461791
-0.986888
-0.187885
-0.896368
0.413498
-0.159824
0.0479813
0.415457
0.909333
0.0225587
0.409081
0
0
0
1
0.1454
-0.0616502
-0.98745
-0.190471
-0.897016
0.412848
-0.157859
0.0478492
0.417399
0.908711
0.00472694
0.40925
0
0
0
1
0.136547
-0.0778954
-0.987566
-0.193118
-0.897351
0.412592
-0.156617
0.0478475
0.419662
0.907579
-0.0135613
0.409536
0
0
0
1
0.12715
-0.0938973
-0.987429
-0.195952
-0.897444
0.41306
-0.154841
0.0479653
0.422407
0.90585
-0.0317471
0.40976
0
0
0
1
0.118367
-0.110392
-0.986814
-0.198928
-0.897554
0.413179
-0.153882
0.0482234
0.424718
0.903934
-0.050176
0.40993
0
0
0
1
0.488463
0.630722
-0.602987
-0.0674896
-0.864659
0.442789
-0.23728
0.046555
0.117339
0.637281
0.761646
0.334592
0
0
0
1
0.488692
0.622684
-0.611102
-0.0683212
-0.863535
0.44513
-0.236995
0.0469675
0.124447
0.643525
0.755241
0.336401
0
0
0
1
0.48621
0.616385
-0.61941
-0.0693659
-0.864344
0.44346
-0.237178
0.046815
0.128491
0.650702
0.748383
0.338094
0
0
0
1
0.484046
0.609288
-0.628066
-0.0708345
-0.865064
0.441283
-0.238609
0.0465774
0.131773
0.658815
0.740674
0.339356
0
0
0
1
0.480957
0.603422
-0.636052
-0.071612
-0.866025
0.440071
-0.237358
0.0464686
0.136681
0.664996
0.734234
0.341419
0
0
0
1
0.478148
0.596746
-0.644413
-0.0727979
-0.866873
0.438523
-0.237126
0.0463274
0.141086
0.672006
0.726982
0.343161
0
0
0
1
0.475707
0.589252
-0.653058
-0.0741147
-0.867516
0.436963
-0.237654
0.0461267
0.145324
0.679592
0.719052
0.344737
0
0
0
1
